===== RIGHT_full.png =====
elapse=[0.7696108818054199, 0.7890069484710693, 3.856424331665039] n=224
[[[0.0, 175.0], [40.0, 175.0], [40.0, 193.0], [0.0, 193.0]], 'JINNO', '0.6235766510168711']
[[[152.0, 175.0], [189.0, 175.0], [189.0, 194.0], [152.0, 194.0]], '3200', '0.7972944259643555']
[[[205.0, 175.0], [243.0, 175.0], [243.0, 194.0], [205.0, 194.0]], '2500', '0.7389920949935913']
[[[259.0, 175.0], [298.0, 175.0], [298.0, 194.0], [259.0, 194.0]], '3202', '0.7607588291168212']
[[[312.0, 175.0], [351.0, 175.0], [351.0, 194.0], [312.0, 194.0]], '2502', '0.7263766169548035']
[[[367.0, 175.0], [404.0, 175.0], [404.0, 194.0], [367.0, 194.0]], '3204', '0.7857022285461426']
[[[418.0, 175.0], [456.0, 175.0], [456.0, 194.0], [418.0, 194.0]], '2506', '0.7668716192245484']
[[[472.0, 175.0], [510.0, 175.0], [510.0, 194.0], [472.0, 194.0]], '3206', '0.6945961594581604']
[[[526.0, 175.0], [563.0, 175.0], [563.0, 194.0], [526.0, 194.0]], '2506', '0.7982360124588013']
[[[579.0, 175.0], [618.0, 175.0], [618.0, 194.0], [579.0, 194.0]], '3208', '0.6811967492103577']
[[[632.0, 175.0], [671.0, 175.0], [671.0, 194.0], [632.0, 194.0]], '2558', '0.6227400422096252']
[[[687.0, 175.0], [723.0, 175.0], [723.0, 194.0], [687.0, 194.0]], '321D', '0.6950467467308045']
[[[740.0, 175.0], [775.0, 175.0], [775.0, 194.0], [740.0, 194.0]], '2510', '0.7975688934326172']
[[[795.0, 175.0], [830.0, 175.0], [830.0, 194.0], [795.0, 194.0]], '3212', '0.7602628588676452']
[[[848.0, 175.0], [884.0, 175.0], [884.0, 194.0], [848.0, 194.0]], '2512', '0.7956470847129822']
[[[201.0, 194.0], [243.0, 194.0], [243.0, 215.0], [201.0, 215.0]], '05:38', '0.6915846268335978']
[[[0.0, 195.0], [77.0, 195.0], [77.0, 212.0], [0.0, 212.0]], 'AAIFONTEIN', '0.8329337889497931']
[[[310.0, 195.0], [347.0, 195.0], [347.0, 214.0], [310.0, 214.0]], '08:15', '0.7445799807707468']
[[[414.0, 194.0], [456.0, 194.0], [456.0, 215.0], [414.0, 215.0]], '09:40', '0.7875096698602041']
[[[525.0, 195.0], [560.0, 195.0], [560.0, 214.0], [525.0, 214.0]], '11:3D', '0.7280155022939047']
[[[630.0, 195.0], [668.0, 195.0], [668.0, 214.0], [630.0, 214.0]], '13:00', '0.767497330904007']
[[[737.0, 195.0], [775.0, 195.0], [775.0, 214.0], [737.0, 214.0]], '1i045', '0.6629128704468409']
[[[844.0, 195.0], [881.0, 195.0], [881.0, 214.0], [844.0, 214.0]], '16:00', '0.7810495297114054']
[[[0.0, 213.0], [76.0, 213.0], [76.0, 232.0], [0.0, 232.0]], 'ENFONTEIN', '0.8797843754291534']
[[[203.0, 214.0], [241.0, 214.0], [241.0, 231.0], [203.0, 231.0]], '06063', '0.6660964886347452']
[[[308.0, 214.0], [348.0, 214.0], [348.0, 231.0], [308.0, 231.0]], '08:20', '0.7737332681814829']
[[[416.0, 214.0], [455.0, 214.0], [455.0, 231.0], [416.0, 231.0]], '065', '0.6405597925186157']
[[[525.0, 214.0], [559.0, 214.0], [559.0, 231.0], [525.0, 231.0]], ':35', '0.7098185569047928']
[[[631.0, 214.0], [667.0, 214.0], [667.0, 231.0], [631.0, 231.0]], '13:06', '0.7197617888450623']
[[[738.0, 214.0], [774.0, 214.0], [774.0, 231.0], [738.0, 231.0]], '14:50', '0.7112061431010565']
[[[845.0, 214.0], [881.0, 214.0], [881.0, 231.0], [845.0, 231.0]], '16:06', '0.5950203140576681']
[[[0.0, 229.0], [76.0, 232.0], [76.0, 251.0], [0.0, 249.0]], 'ACKENFELL', '0.880938321352005']
[[[201.0, 230.0], [243.0, 230.0], [243.0, 251.0], [201.0, 251.0]], 'O649', '0.5553238391876221']
[[[307.0, 230.0], [349.0, 230.0], [349.0, 251.0], [307.0, 251.0]], '0826', '0.7895902037620545']
[[[417.0, 231.0], [455.0, 231.0], [455.0, 250.0], [417.0, 250.0]], '0951', '0.7601574301719666']
[[[526.0, 231.0], [559.0, 231.0], [559.0, 250.0], [526.0, 250.0]], '3143', '0.5141692638397217']
[[[633.0, 231.0], [666.0, 231.0], [666.0, 250.0], [633.0, 250.0]], '1311', '0.6271692663431168']
[[[737.0, 231.0], [774.0, 231.0], [774.0, 250.0], [737.0, 250.0]], '1456', '0.6752077460289001']
[[[847.0, 231.0], [880.0, 231.0], [880.0, 252.0], [847.0, 252.0]], '1611', '0.5390771746635437']
[[[0.0, 250.0], [47.0, 250.0], [47.0, 268.0], [0.0, 268.0]], 'KLAND', '0.741017609834671']
[[[202.0, 250.0], [240.0, 250.0], [240.0, 269.0], [202.0, 269.0]], '06:56', '0.5370139926671982']
[[[308.0, 250.0], [348.0, 250.0], [348.0, 268.0], [308.0, 268.0]], '0833', '0.6955425381660462']
[[[416.0, 250.0], [454.0, 250.0], [454.0, 269.0], [416.0, 269.0]], '09:58', '0.6669141749540964']
[[[524.0, 250.0], [559.0, 250.0], [559.0, 269.0], [524.0, 269.0]], '11:48', '0.5168633610010147']
[[[631.0, 250.0], [667.0, 250.0], [667.0, 269.0], [631.0, 269.0]], '13:18', '0.7851612071196238']
[[[737.0, 250.0], [774.0, 250.0], [774.0, 269.0], [737.0, 269.0]], '15:03', '0.7604342798391978']
[[[845.0, 250.0], [879.0, 250.0], [879.0, 269.0], [845.0, 269.0]], '16:08', '0.6559247672557831']
[[[580.0, 268.0], [611.0, 268.0], [611.0, 288.0], [580.0, 288.0]], '12:10', '0.8228510816891988']
[[[0.0, 269.0], [31.0, 269.0], [31.0, 288.0], [0.0, 288.0]], 'AND', '0.7429561764001846']
[[[148.0, 269.0], [187.0, 269.0], [187.0, 288.0], [148.0, 288.0]], '0550', '0.7783408880233764']
[[[257.0, 269.0], [292.0, 269.0], [292.0, 288.0], [257.0, 288.0]], '07:15', '0.6828761349121729']
[[[684.0, 268.0], [721.0, 268.0], [721.0, 290.0], [684.0, 290.0]], '34:00', '0.6523826420307159']
[[[362.0, 270.0], [402.0, 270.0], [402.0, 288.0], [362.0, 288.0]], '0B-30', '0.6959514220555624']
[[[472.0, 270.0], [507.0, 270.0], [507.0, 289.0], [472.0, 289.0]], '10:45', '0.6837596992651621']
[[[793.0, 269.0], [827.0, 269.0], [827.0, 288.0], [793.0, 288.0]], '15:50', '0.7823387384414673']
[[[0.0, 288.0], [70.0, 288.0], [70.0, 308.0], [0.0, 308.0]], 'DERSTEL', '0.808058425784111']
[[[149.0, 289.0], [188.0, 289.0], [188.0, 308.0], [149.0, 308.0]], '05.53', '0.7710981965065002']
[[[257.0, 289.0], [292.0, 289.0], [292.0, 307.0], [257.0, 307.0]], '07:18', '0.7432578802108765']
[[[362.0, 289.0], [401.0, 289.0], [401.0, 308.0], [362.0, 308.0]], 'O33', '0.6335707455873489']
[[[472.0, 289.0], [507.0, 289.0], [507.0, 308.0], [472.0, 308.0]], '13548', '0.5753749459981918']
[[[579.0, 288.0], [612.0, 288.0], [612.0, 307.0], [579.0, 307.0]], '12:13', '0.7507874766985575']
[[[685.0, 289.0], [720.0, 289.0], [720.0, 308.0], [685.0, 308.0]], '04.003', '0.6016346343926021']
[[[792.0, 289.0], [827.0, 289.0], [827.0, 308.0], [792.0, 308.0]], '15:53', '0.7256951332092285']
[[[257.0, 307.0], [294.0, 307.0], [294.0, 325.0], [257.0, 325.0]], '07:21', '0.6966533064842224']
[[[579.0, 307.0], [612.0, 307.0], [612.0, 325.0], [579.0, 325.0]], '12:16', '0.7435473004976908']
[[[0.0, 308.0], [85.0, 308.0], [85.0, 324.0], [0.0, 324.0]], 'ERSETWEST', '0.8934735357761383']
[[[149.0, 308.0], [187.0, 308.0], [187.0, 326.0], [149.0, 326.0]], '0556', '0.7392956614494324']
[[[362.0, 308.0], [402.0, 308.0], [402.0, 325.0], [362.0, 325.0]], '0B-36', '0.5783849706252416']
[[[792.0, 308.0], [827.0, 308.0], [827.0, 326.0], [792.0, 326.0]], '15:55', '0.6545825898647308']
[[[0.0, 322.0], [45.0, 325.0], [44.0, 346.0], [0.0, 343.0]], 'GROVE', '0.805034875869751']
[[[361.0, 324.0], [403.0, 324.0], [403.0, 345.0], [361.0, 345.0]], '8780', '0.7315334916114807']
[[[577.0, 324.0], [615.0, 324.0], [615.0, 346.0], [577.0, 346.0]], '1228', '0.7734400153160095']
[[[256.0, 325.0], [294.0, 325.0], [294.0, 344.0], [256.0, 344.0]], '0733', '0.7955574870109559']
[[[472.0, 325.0], [505.0, 325.0], [505.0, 344.0], [472.0, 344.0]], '11:03', '0.6121435165405273']
[[[791.0, 325.0], [827.0, 325.0], [827.0, 344.0], [791.0, 344.0]], '16:03', '0.8061839441458384']
[[[148.0, 326.0], [188.0, 326.0], [188.0, 344.0], [148.0, 344.0]], '80-90', '0.709602952003479']
[[[0.0, 344.0], [24.0, 344.0], [24.0, 364.0], [0.0, 364.0]], 'ARE', '0.6276430785655975']
[[[148.0, 345.0], [187.0, 345.0], [187.0, 364.0], [148.0, 364.0]], 'DS:12', '0.6853289405504862']
[[[256.0, 345.0], [295.0, 345.0], [295.0, 364.0], [256.0, 364.0]], '07:37', '0.7587678134441376']
[[[362.0, 345.0], [402.0, 345.0], [402.0, 363.0], [362.0, 363.0]], '2590', '0.65278080701828']
[[[578.0, 345.0], [615.0, 345.0], [615.0, 364.0], [578.0, 364.0]], '1232', '0.778169572353363']
[[[682.0, 345.0], [721.0, 342.0], [722.0, 364.0], [683.0, 366.0]], '1:22', '0.7425453543663025']
[[[792.0, 345.0], [828.0, 345.0], [828.0, 364.0], [792.0, 364.0]], 'N5:12', '0.684040958682696']
[[[0.0, 364.0], [71.0, 364.0], [71.0, 381.0], [0.0, 381.0]], 'RSTERIVER', '0.7938797414302826']
[[[256.0, 364.0], [295.0, 364.0], [295.0, 383.0], [256.0, 383.0]], '0740', '0.7929314017295838']
[[[362.0, 364.0], [401.0, 364.0], [401.0, 383.0], [362.0, 383.0]], '08:55', '0.805673748254776']
[[[578.0, 364.0], [613.0, 364.0], [613.0, 383.0], [578.0, 383.0]], '12-35', '0.753209114074707']
[[[684.0, 364.0], [721.0, 364.0], [721.0, 383.0], [684.0, 383.0]], '1425', '0.5767527878284454']
[[[148.0, 365.0], [187.0, 365.0], [187.0, 383.0], [148.0, 383.0]], '0615', '0.7418006658554077']
[[[792.0, 364.0], [827.0, 364.0], [827.0, 383.0], [792.0, 383.0]], '15:15', '0.6287569502989451']
[[[0.0, 382.0], [69.0, 384.0], [69.0, 402.0], [0.0, 399.0]], 'LTONROSE', '0.8701551026768155']
[[[148.0, 383.0], [187.0, 383.0], [187.0, 402.0], [148.0, 402.0]], '12:90', '0.6822059005498886']
[[[257.0, 383.0], [295.0, 383.0], [295.0, 402.0], [257.0, 402.0]], '07:46', '0.7239209165175756']
[[[363.0, 383.0], [401.0, 383.0], [401.0, 402.0], [363.0, 402.0]], '09.01', '0.640295664469401']
[[[577.0, 383.0], [613.0, 383.0], [613.0, 402.0], [577.0, 402.0]], '12:41', '0.6666705459356308']
[[[684.0, 383.0], [720.0, 383.0], [720.0, 402.0], [684.0, 402.0]], '1:31', '0.5907815039157868']
[[[792.0, 383.0], [828.0, 383.0], [828.0, 402.0], [792.0, 402.0]], '36:27', '0.5266044537226359']
[[[0.0, 401.0], [69.0, 401.0], [69.0, 420.0], [0.0, 420.0]], 'ACKHEATH', '0.8202040195465088']
[[[683.0, 401.0], [721.0, 401.0], [721.0, 422.0], [683.0, 422.0]], '438', '0.6005932241678238']
[[[362.0, 402.0], [401.0, 402.0], [401.0, 420.0], [362.0, 420.0]], '80:60', '0.5985159476598104']
[[[472.0, 402.0], [505.0, 402.0], [505.0, 420.0], [472.0, 420.0]], '1123', '0.7315295696258545']
[[[578.0, 402.0], [614.0, 402.0], [614.0, 420.0], [578.0, 420.0]], '1248', '0.7585764288902282']
[[[148.0, 403.0], [187.0, 403.0], [187.0, 420.0], [148.0, 420.0]], '0628', '0.5367773532867431']
[[[257.0, 403.0], [295.0, 403.0], [295.0, 420.0], [257.0, 420.0]], '0753', '0.7970342516899109']
[[[791.0, 402.0], [828.0, 402.0], [828.0, 420.0], [791.0, 420.0]], '16:23', '0.5684955269098282']
[[[0.0, 419.0], [63.0, 419.0], [63.0, 439.0], [0.0, 439.0]], 'LSRIVER', '0.7946297824382782']
[[[148.0, 420.0], [187.0, 420.0], [187.0, 438.0], [148.0, 438.0]], '06:37', '0.6343006740013758']
[[[256.0, 420.0], [295.0, 420.0], [295.0, 439.0], [256.0, 439.0]], '00:02', '0.5271913210550944']
[[[472.0, 420.0], [506.0, 420.0], [506.0, 439.0], [472.0, 439.0]], '1132', '0.6833940505981445']
[[[578.0, 420.0], [613.0, 420.0], [613.0, 439.0], [578.0, 439.0]], '12:57', '0.7566392223040262']
[[[685.0, 420.0], [721.0, 420.0], [721.0, 439.0], [685.0, 439.0]], '15:43', '0.554509217540423']
[[[791.0, 420.0], [828.0, 420.0], [828.0, 439.0], [791.0, 439.0]], '16:37', '0.6801897784074148']
[[[0.0, 437.0], [52.0, 437.0], [52.0, 458.0], [0.0, 458.0]], 'LVILLE', '0.8211240938731602']
[[[202.0, 438.0], [242.0, 438.0], [242.0, 456.0], [202.0, 456.0]], '07:02', '0.8246602912743887']
[[[308.0, 438.0], [350.0, 438.0], [350.0, 456.0], [308.0, 456.0]], '08:39', '0.6624936064084371']
[[[416.0, 438.0], [454.0, 438.0], [454.0, 456.0], [416.0, 456.0]], '10:04', '0.7689740260442098']
[[[525.0, 438.0], [559.0, 438.0], [559.0, 456.0], [525.0, 456.0]], '11:56', '0.6570437997579575']
[[[630.0, 438.0], [668.0, 438.0], [668.0, 457.0], [630.0, 457.0]], '13:24', '0.8154401481151581']
[[[737.0, 438.0], [774.0, 438.0], [774.0, 456.0], [737.0, 456.0]], '15:09', '0.6855200926462809']
[[[147.0, 439.0], [188.0, 439.0], [188.0, 457.0], [147.0, 457.0]], '06:50', '0.7938801944255829']
[[[256.0, 439.0], [295.0, 439.0], [295.0, 457.0], [256.0, 457.0]], 'OB:15', '0.6005139797925949']
[[[361.0, 439.0], [402.0, 439.0], [402.0, 457.0], [361.0, 457.0]], '09:30', '0.6991665661334991']
[[[470.0, 439.0], [507.0, 439.0], [507.0, 457.0], [470.0, 457.0]], '1345', '0.6294916272163391']
[[[577.0, 439.0], [613.0, 439.0], [613.0, 457.0], [577.0, 457.0]], '13:10', '0.7342125376065572']
[[[683.0, 439.0], [720.0, 439.0], [720.0, 457.0], [683.0, 457.0]], '15:00', '0.80774986743927']
[[[790.0, 439.0], [828.0, 439.0], [828.0, 457.0], [790.0, 457.0]], 'N6:50', '0.656275654832522']
[[[842.0, 438.0], [881.0, 438.0], [881.0, 457.0], [842.0, 457.0]], '16:24', '0.7865533630053202']
[[[0.0, 458.0], [73.0, 458.0], [73.0, 475.0], [0.0, 475.0]], 'ATFORMNO', '0.8130611181259155']
[[[0.0, 477.0], [51.0, 477.0], [51.0, 495.0], [0.0, 495.0]], 'LVILLE', '0.8285578063556126']
[[[203.0, 478.0], [240.0, 478.0], [240.0, 496.0], [203.0, 496.0]], '07:03', '0.7100298305352529']
[[[308.0, 478.0], [348.0, 478.0], [348.0, 496.0], [308.0, 496.0]], '08:40', '0.7192352712154388']
[[[417.0, 478.0], [453.0, 478.0], [453.0, 496.0], [417.0, 496.0]], '10:05', '0.7844349642594656']
[[[525.0, 478.0], [559.0, 478.0], [559.0, 496.0], [525.0, 496.0]], '11:55', '0.7173974514007568']
[[[631.0, 478.0], [668.0, 478.0], [668.0, 497.0], [631.0, 497.0]], '13:25', '0.797577828168869']
[[[739.0, 478.0], [773.0, 478.0], [773.0, 496.0], [739.0, 496.0]], '15:10', '0.7575875818729401']
[[[844.0, 478.0], [880.0, 478.0], [880.0, 496.0], [844.0, 496.0]], '16:25', '0.8057317634423574']
[[[0.0, 495.0], [59.0, 495.0], [59.0, 514.0], [0.0, 514.0]], 'SERBERG', '0.7859287410974503']
[[[203.0, 496.0], [241.0, 496.0], [241.0, 514.0], [203.0, 514.0]], '0709', '0.7521778702735901']
[[[420.0, 496.0], [451.0, 496.0], [451.0, 514.0], [420.0, 514.0]], '11-01', '0.5059319188197454']
[[[525.0, 496.0], [559.0, 496.0], [559.0, 514.0], [525.0, 514.0]], '10-24', '0.707396388053894']
[[[632.0, 496.0], [667.0, 496.0], [667.0, 514.0], [632.0, 514.0]], '03:39', '0.5775813609361649']
[[[739.0, 496.0], [772.0, 496.0], [772.0, 514.0], [739.0, 514.0]], '15:16', '0.7715625862280527']
[[[846.0, 496.0], [880.0, 496.0], [880.0, 514.0], [846.0, 514.0]], '16-31', '0.6994681308666865']
[[[0.0, 513.0], [32.0, 513.0], [32.0, 534.0], [0.0, 534.0]], 'A08', '0.5052394717931747']
[[[203.0, 514.0], [241.0, 514.0], [241.0, 533.0], [203.0, 533.0]], '0709', '0.6516761302947998']
[[[309.0, 514.0], [348.0, 514.0], [348.0, 533.0], [309.0, 533.0]], '0846', '0.7175264477729797']
[[[420.0, 514.0], [451.0, 514.0], [451.0, 533.0], [420.0, 533.0]], '10-11', '0.7548854549725851']
[[[525.0, 514.0], [559.0, 514.0], [559.0, 533.0], [525.0, 533.0]], '12-01', '0.7398078242937723']
[[[632.0, 514.0], [667.0, 514.0], [667.0, 533.0], [632.0, 533.0]], '13:37', '0.7747655808925629']
[[[738.0, 514.0], [772.0, 514.0], [772.0, 533.0], [738.0, 533.0]], '15:16', '0.7258955438931783']
[[[845.0, 514.0], [880.0, 514.0], [880.0, 533.0], [845.0, 533.0]], '16-31', '0.7456652720769247']
[[[308.0, 533.0], [350.0, 533.0], [350.0, 554.0], [308.0, 554.0]], '08:52', '0.6940873165925344']
[[[419.0, 533.0], [452.0, 533.0], [452.0, 552.0], [419.0, 552.0]], '10:17', '0.7325616081555685']
[[[0.0, 534.0], [67.0, 534.0], [67.0, 551.0], [0.0, 551.0]], 'SESRIVER', '0.8405950797928704']
[[[204.0, 534.0], [239.0, 534.0], [239.0, 553.0], [204.0, 553.0]], '0735', '0.6987304806709289']
[[[524.0, 534.0], [560.0, 532.0], [561.0, 552.0], [525.0, 554.0]], '1207', '0.7913997530937195']
[[[631.0, 534.0], [668.0, 534.0], [668.0, 553.0], [631.0, 553.0]], '13:37', '0.7672864298025767']
[[[738.0, 534.0], [774.0, 534.0], [774.0, 552.0], [738.0, 552.0]], '1522', '0.7728041529655456']
[[[844.0, 533.0], [881.0, 533.0], [881.0, 552.0], [844.0, 552.0]], '1637', '0.7878228664398194']
[[[0.0, 551.0], [26.0, 551.0], [26.0, 572.0], [0.0, 572.0]], 'SCO', '0.5070713013410568']
[[[202.0, 553.0], [239.0, 551.0], [240.0, 570.0], [203.0, 572.0]], '07-19', '0.7148420413335165']
[[[308.0, 553.0], [349.0, 553.0], [349.0, 571.0], [308.0, 571.0]], '0856', '0.7327318549156189']
[[[526.0, 553.0], [559.0, 553.0], [559.0, 572.0], [526.0, 572.0]], '12:11', '0.7767271002133688']
[[[631.0, 553.0], [667.0, 553.0], [667.0, 572.0], [631.0, 572.0]], '13:43', '0.6560373107592264']
[[[737.0, 553.0], [774.0, 553.0], [774.0, 572.0], [737.0, 572.0]], '15:26', '0.7044016420841217']
[[[845.0, 553.0], [880.0, 553.0], [880.0, 572.0], [845.0, 572.0]], '16-41', '0.6246547400951385']
[[[0.0, 571.0], [57.0, 571.0], [57.0, 589.0], [0.0, 589.0]], 'DDWOOO', '0.6935684595789228']
[[[203.0, 571.0], [241.0, 571.0], [241.0, 590.0], [203.0, 590.0]], '0322', '0.6106095671653747']
[[[308.0, 572.0], [349.0, 572.0], [349.0, 590.0], [308.0, 590.0]], '0859', '0.7847403526306153']
[[[417.0, 572.0], [454.0, 572.0], [454.0, 590.0], [417.0, 590.0]], '10:24', '0.7351996103922526']
[[[525.0, 572.0], [559.0, 572.0], [559.0, 590.0], [525.0, 590.0]], '12:14', '0.6091407338778178']
[[[630.0, 572.0], [668.0, 572.0], [668.0, 590.0], [630.0, 590.0]], '13:44', '0.6369617283344269']
[[[737.0, 572.0], [774.0, 572.0], [774.0, 590.0], [737.0, 590.0]], '1529', '0.690032136440277']
[[[307.0, 589.0], [349.0, 589.0], [349.0, 609.0], [307.0, 609.0]], '0906', '0.6020962238311768']
[[[417.0, 590.0], [454.0, 590.0], [454.0, 608.0], [417.0, 608.0]], '10:29', '0.7097242325544357']
[[[525.0, 590.0], [559.0, 590.0], [559.0, 608.0], [525.0, 608.0]], '6F21', '0.5895652830600738']
[[[738.0, 590.0], [774.0, 590.0], [774.0, 608.0], [738.0, 608.0]], '1534', '0.6304556727409363']
[[[203.0, 591.0], [241.0, 591.0], [241.0, 608.0], [203.0, 608.0]], '07:27', '0.8075494269529978']
[[[630.0, 591.0], [668.0, 591.0], [668.0, 608.0], [630.0, 608.0]], '33:49', '0.6428247888882955']
[[[845.0, 590.0], [881.0, 590.0], [881.0, 608.0], [845.0, 608.0]], '16059', '0.720378577709198']
[[[0.0, 606.0], [36.0, 606.0], [36.0, 628.0], [0.0, 628.0]], 'TUAL', '0.7738624691963196']
[[[203.0, 608.0], [242.0, 608.0], [242.0, 627.0], [203.0, 627.0]], '0734', '0.760212242603302']
[[[310.0, 608.0], [347.0, 608.0], [347.0, 627.0], [310.0, 627.0]], '09:11', '0.7835971017678579']
[[[524.0, 608.0], [560.0, 608.0], [560.0, 627.0], [524.0, 627.0]], '026', '0.6261609047651291']
[[[630.0, 608.0], [667.0, 608.0], [667.0, 627.0], [630.0, 627.0]], '1355', '0.6651415824890137']
[[[738.0, 608.0], [774.0, 608.0], [774.0, 627.0], [738.0, 627.0]], '1541', '0.6476033568382263']
[[[417.0, 609.0], [454.0, 609.0], [454.0, 627.0], [417.0, 627.0]], '10:36', '0.7461228171984354']
[[[0.0, 626.0], [50.0, 626.0], [50.0, 647.0], [0.0, 647.0]], 'TLAND', '0.8147858281930288']
[[[524.0, 626.0], [562.0, 626.0], [562.0, 648.0], [524.0, 648.0]], '72:30', '0.7106201350688934']
[[[201.0, 627.0], [241.0, 624.0], [242.0, 646.0], [202.0, 648.0]], '0738', '0.7414170145988465']
[[[630.0, 627.0], [667.0, 627.0], [667.0, 646.0], [630.0, 646.0]], '16:00', '0.71677894393603']
[[[415.0, 628.0], [454.0, 625.0], [455.0, 646.0], [416.0, 649.0]], '10元0', '0.7282578587532044']
[[[738.0, 628.0], [774.0, 628.0], [774.0, 647.0], [738.0, 647.0]], '1545', '0.5966390311717987']
[[[846.0, 627.0], [881.0, 627.0], [881.0, 646.0], [846.0, 646.0]], '17:00', '0.7751093606154124']
[[[0.0, 646.0], [63.0, 646.0], [63.0, 663.0], [0.0, 663.0]], 'EBERGRD', '0.8577522039413452']
[[[310.0, 647.0], [348.0, 647.0], [348.0, 666.0], [310.0, 666.0]], '09:18', '0.7564117908477783']
[[[417.0, 647.0], [455.0, 647.0], [455.0, 666.0], [417.0, 666.0]], '10.63', '0.723195473353068']
[[[525.0, 647.0], [561.0, 647.0], [561.0, 665.0], [525.0, 665.0]], '233', '0.7248840630054474']
[[[630.0, 647.0], [668.0, 647.0], [668.0, 666.0], [630.0, 666.0]], '146:03', '0.5789075536387307']
[[[737.0, 647.0], [775.0, 647.0], [775.0, 665.0], [737.0, 665.0]], '15048', '0.5791462163130442']
[[[845.0, 647.0], [881.0, 647.0], [881.0, 665.0], [845.0, 665.0]], '1703', '0.7792720675468445']
[[[0.0, 665.0], [55.0, 665.0], [55.0, 682.0], [0.0, 682.0]], 'TRIVER', '0.8208157249859401']
[[[202.0, 666.0], [241.0, 666.0], [241.0, 684.0], [202.0, 684.0]], '0743', '0.751144802570343']
[[[310.0, 666.0], [348.0, 666.0], [348.0, 685.0], [310.0, 685.0]], '09:20', '0.7383697330951691']
[[[416.0, 666.0], [454.0, 666.0], [454.0, 685.0], [416.0, 685.0]], '1045', '0.7859548449516296']
[[[525.0, 666.0], [561.0, 666.0], [561.0, 685.0], [525.0, 685.0]], '235', '0.6182545945048332']
[[[737.0, 666.0], [775.0, 666.0], [775.0, 685.0], [737.0, 685.0]], '1550', '0.7873216032981872']
[[[845.0, 666.0], [881.0, 666.0], [881.0, 685.0], [845.0, 685.0]], '17305', '0.7698729832967123']
[[[0.0, 684.0], [65.0, 684.0], [65.0, 703.0], [0.0, 703.0]], 'ODSTOCK', '0.8478090018033981']
[[[202.0, 685.0], [241.0, 685.0], [241.0, 703.0], [202.0, 703.0]], '0727', '0.6653439700603485']
[[[308.0, 684.0], [350.0, 684.0], [350.0, 704.0], [308.0, 704.0]], 'D9-24', '0.6996724605560303']
[[[417.0, 685.0], [454.0, 685.0], [454.0, 703.0], [417.0, 703.0]], '6701', '0.7138293981552124']
[[[525.0, 685.0], [561.0, 685.0], [561.0, 703.0], [525.0, 703.0]], '1239', '0.7256878256797791']
[[[630.0, 685.0], [667.0, 685.0], [667.0, 703.0], [630.0, 703.0]], '12:09', '0.6104602615038554']
[[[738.0, 685.0], [774.0, 685.0], [774.0, 703.0], [738.0, 703.0]], '1552', '0.649406099319458']
[[[845.0, 685.0], [880.0, 685.0], [880.0, 703.0], [845.0, 703.0]], '1709', '0.7416510939598083']
[[[0.0, 701.0], [60.0, 701.0], [60.0, 721.0], [0.0, 721.0]], 'PETOWN', '0.7919238635471889']
[[[306.0, 701.0], [349.0, 701.0], [349.0, 722.0], [306.0, 722.0]], '0929', '0.773783266544342']
[[[203.0, 702.0], [242.0, 702.0], [242.0, 721.0], [203.0, 721.0]], '07:52', '0.7790522873401642']
[[[416.0, 702.0], [454.0, 702.0], [454.0, 720.0], [416.0, 720.0]], '1056', '0.6201987206935883']
[[[523.0, 702.0], [560.0, 702.0], [560.0, 721.0], [523.0, 721.0]], '12554', '0.6335133363803228']
[[[630.0, 701.0], [667.0, 704.0], [666.0, 723.0], [629.0, 720.0]], '14:14', '0.6790144046147665']
[[[736.0, 702.0], [774.0, 702.0], [774.0, 720.0], [736.0, 720.0]], '1559', '0.7948593854904175']
[[[845.0, 703.0], [880.0, 703.0], [880.0, 721.0], [845.0, 721.0]], '17:16', '0.7315570116043091']

===== R_strand_bell.png =====
elapse=[1.448369026184082, 0.5194587707519531, 2.2594528198242188] n=95
[[[0.0, 0.0], [46.0, 0.0], [46.0, 11.0], [0.0, 11.0]], 'KDAND', '0.6445045620203018']
[[[739.0, 0.0], [773.0, 0.0], [773.0, 12.0], [739.0, 12.0]], '1603', '0.6982374548912048']
[[[847.0, 0.0], [876.0, 0.0], [876.0, 11.0], [847.0, 11.0]], '16.38', '0.5217110415299734']
[[[0.0, 13.0], [31.0, 13.0], [31.0, 33.0], [0.0, 33.0]], 'AND', '0.7437790334224701']
[[[149.0, 13.0], [187.0, 13.0], [187.0, 33.0], [149.0, 33.0]], 'S90', '0.6237049102783203']
[[[257.0, 13.0], [292.0, 13.0], [292.0, 33.0], [257.0, 33.0]], '07:15', '0.7598395446936289']
[[[362.0, 13.0], [401.0, 13.0], [401.0, 33.0], [362.0, 33.0]], '0B-30', '0.6063891847928365']
[[[471.0, 12.0], [507.0, 12.0], [507.0, 33.0], [471.0, 33.0]], '10:45', '0.6363440553347269']
[[[579.0, 13.0], [612.0, 13.0], [612.0, 33.0], [579.0, 33.0]], '12:10', '0.8156406780083975']
[[[684.0, 13.0], [720.0, 13.0], [720.0, 33.0], [684.0, 33.0]], '34:00', '0.6635262469450632']
[[[791.0, 13.0], [827.0, 13.0], [827.0, 33.0], [791.0, 33.0]], '15:50', '0.7291957388321558']
[[[149.0, 31.0], [187.0, 31.0], [187.0, 52.0], [149.0, 52.0]], '0553', '0.7844708561897278']
[[[579.0, 31.0], [612.0, 31.0], [612.0, 52.0], [579.0, 52.0]], '12:13', '0.8106796741485596']
[[[257.0, 32.0], [292.0, 32.0], [292.0, 51.0], [257.0, 51.0]], '07:18', '0.6860323051611582']
[[[472.0, 32.0], [507.0, 32.0], [507.0, 52.0], [472.0, 52.0]], '1348', '0.6112948596477509']
[[[685.0, 32.0], [720.0, 32.0], [720.0, 52.0], [685.0, 52.0]], '34.03', '0.7059239546457926']
[[[0.0, 33.0], [69.0, 32.0], [69.0, 51.0], [0.0, 51.0]], 'DERSTEL', '0.8099621683359146']
[[[791.0, 32.0], [826.0, 32.0], [826.0, 52.0], [791.0, 52.0]], '15:53', '0.7558964689572653']
[[[149.0, 50.0], [187.0, 50.0], [187.0, 71.0], [149.0, 71.0]], '0556', '0.6484993457794189']
[[[257.0, 50.0], [293.0, 50.0], [293.0, 71.0], [257.0, 71.0]], '12:20', '0.5954626053571701']
[[[362.0, 50.0], [402.0, 50.0], [402.0, 71.0], [362.0, 71.0]], 'OB-36', '0.6721153010924658']
[[[472.0, 50.0], [506.0, 50.0], [506.0, 71.0], [472.0, 71.0]], '80.-51', '0.512318172625133']
[[[579.0, 51.0], [612.0, 51.0], [612.0, 71.0], [579.0, 71.0]], '12:16', '0.7863017817338308']
[[[0.0, 52.0], [86.0, 52.0], [86.0, 69.0], [0.0, 69.0]], 'ERSETWEST', '0.8527879416942596']
[[[791.0, 50.0], [827.0, 50.0], [827.0, 71.0], [791.0, 71.0]], '15:55', '0.6628617445627848']
[[[256.0, 68.0], [294.0, 68.0], [294.0, 90.0], [256.0, 90.0]], '07:33', '0.7758956452210745']
[[[362.0, 68.0], [401.0, 68.0], [401.0, 90.0], [362.0, 90.0]], 'DB:48', '0.5673624277114868']
[[[472.0, 68.0], [505.0, 68.0], [505.0, 90.0], [472.0, 90.0]], '1:03', '0.5221434473991394']
[[[0.0, 69.0], [43.0, 69.0], [43.0, 90.0], [0.0, 90.0]], 'GROVE', '0.8199740548928579']
[[[149.0, 69.0], [187.0, 69.0], [187.0, 89.0], [149.0, 89.0]], '80-90', '0.6950357755025228']
[[[578.0, 68.0], [614.0, 68.0], [614.0, 90.0], [578.0, 90.0]], '1228', '0.7874544143676758']
[[[685.0, 69.0], [719.0, 69.0], [719.0, 89.0], [685.0, 89.0]], '14-08', '0.591739426056544']
[[[792.0, 69.0], [827.0, 69.0], [827.0, 89.0], [792.0, 89.0]], '16:03', '0.787070095539093']
[[[257.0, 88.0], [293.0, 88.0], [293.0, 108.0], [257.0, 108.0]], '07:37', '0.7760404249032339']
[[[362.0, 88.0], [401.0, 88.0], [401.0, 108.0], [362.0, 108.0]], '2590', '0.614359974861145']
[[[578.0, 88.0], [614.0, 88.0], [614.0, 108.0], [578.0, 108.0]], '1232', '0.7816614270210266']
[[[685.0, 88.0], [720.0, 88.0], [720.0, 108.0], [685.0, 108.0]], '15:22', '0.6954389363527298']
[[[0.0, 89.0], [24.0, 89.0], [24.0, 108.0], [0.0, 108.0]], 'ARE', '0.5422045588493347']
[[[151.0, 89.0], [186.0, 89.0], [186.0, 107.0], [151.0, 107.0]], 'DS:12', '0.5962735215822855']
[[[793.0, 88.0], [826.0, 88.0], [826.0, 107.0], [793.0, 107.0]], 'N5:12', '0.695259615778923']
[[[151.0, 106.0], [186.0, 106.0], [186.0, 127.0], [151.0, 127.0]], 'D6:15', '0.7433388332525889']
[[[362.0, 106.0], [401.0, 106.0], [401.0, 127.0], [362.0, 127.0]], '08:55', '0.7888223032156626']
[[[473.0, 106.0], [504.0, 106.0], [504.0, 127.0], [473.0, 127.0]], '1:0', '0.5729233473539352']
[[[578.0, 106.0], [613.0, 106.0], [613.0, 127.0], [578.0, 127.0]], '12-35', '0.7354889810085297']
[[[684.0, 106.0], [720.0, 106.0], [720.0, 128.0], [684.0, 128.0]], '1525', '0.6770780742168426']
[[[257.0, 107.0], [294.0, 107.0], [294.0, 127.0], [257.0, 127.0]], '07:40', '0.7743512789408366']
[[[0.0, 108.0], [71.0, 108.0], [71.0, 126.0], [0.0, 126.0]], 'RSTERIVER', '0.879337626695633']
[[[792.0, 106.0], [826.0, 106.0], [826.0, 127.0], [792.0, 127.0]], '15:15', '0.6676415801048279']
[[[151.0, 125.0], [186.0, 125.0], [186.0, 145.0], [151.0, 145.0]], '06:21', '0.6049019942680994']
[[[363.0, 125.0], [400.0, 125.0], [400.0, 146.0], [363.0, 146.0]], '09.01', '0.6974393030007681']
[[[472.0, 125.0], [504.0, 125.0], [504.0, 146.0], [472.0, 146.0]], 'T1:36', '0.5078677932421366']
[[[257.0, 126.0], [294.0, 126.0], [294.0, 145.0], [257.0, 145.0]], '07:46', '0.7614051699638367']
[[[578.0, 126.0], [613.0, 126.0], [613.0, 145.0], [578.0, 145.0]], '12:41', '0.6696359713872274']
[[[685.0, 125.0], [719.0, 125.0], [719.0, 145.0], [685.0, 145.0]], '12:31', '0.7044939200083414']
[[[0.0, 127.0], [68.0, 127.0], [68.0, 144.0], [0.0, 144.0]], 'LTONROSE', '0.8067966236008538']
[[[792.0, 126.0], [826.0, 126.0], [826.0, 146.0], [792.0, 146.0]], '35:21', '0.5845091591278712']
[[[149.0, 144.0], [187.0, 144.0], [187.0, 165.0], [149.0, 165.0]], 'OQ:28', '0.5696524282296499']
[[[256.0, 144.0], [294.0, 144.0], [294.0, 165.0], [256.0, 165.0]], '0753', '0.7169422507286072']
[[[362.0, 144.0], [401.0, 144.0], [401.0, 165.0], [362.0, 165.0]], '80.60', '0.6477705339590708']
[[[472.0, 144.0], [505.0, 144.0], [505.0, 165.0], [472.0, 165.0]], '1123', '0.7287073373794556']
[[[577.0, 144.0], [614.0, 144.0], [614.0, 165.0], [577.0, 165.0]], '1248', '0.7745028018951416']
[[[684.0, 144.0], [721.0, 144.0], [721.0, 165.0], [684.0, 165.0]], '438', '0.6274210065603256']
[[[0.0, 146.0], [69.0, 146.0], [69.0, 164.0], [0.0, 164.0]], 'ACKHEATH', '0.8613246017032199']
[[[791.0, 144.0], [827.0, 144.0], [827.0, 165.0], [791.0, 165.0]], '16x23', '0.6876380840937296']
[[[472.0, 162.0], [506.0, 162.0], [506.0, 184.0], [472.0, 184.0]], '1132', '0.69629065990448']
[[[578.0, 162.0], [613.0, 162.0], [613.0, 184.0], [578.0, 184.0]], '12:57', '0.71004785100619']
[[[149.0, 163.0], [187.0, 162.0], [187.0, 183.0], [150.0, 184.0]], '06:37', '0.6949836810429891']
[[[257.0, 163.0], [294.0, 163.0], [294.0, 183.0], [257.0, 183.0]], '0:02', '0.5905149042606354']
[[[684.0, 163.0], [719.0, 162.0], [720.0, 182.0], [685.0, 183.0]], '15:43', '0.597893754641215']
[[[0.0, 164.0], [62.0, 164.0], [62.0, 182.0], [0.0, 182.0]], 'LSRIVER', '0.7425856739282608']
[[[791.0, 162.0], [828.0, 162.0], [828.0, 184.0], [791.0, 184.0]], '16-37', '0.7498996953169504']
[[[150.0, 182.0], [187.0, 182.0], [187.0, 199.0], [150.0, 199.0]], '06:50', '0.7906199097633362']
[[[257.0, 182.0], [293.0, 182.0], [293.0, 200.0], [257.0, 200.0]], 'DB:15', '0.5876705547173818']
[[[309.0, 182.0], [347.0, 182.0], [347.0, 199.0], [309.0, 199.0]], '0839', '0.7516049981117249']
[[[362.0, 182.0], [401.0, 181.0], [401.0, 200.0], [362.0, 200.0]], '09:30', '0.7344477474689484']
[[[417.0, 182.0], [453.0, 182.0], [453.0, 199.0], [417.0, 199.0]], '10:04', '0.7423703769842783']
[[[471.0, 182.0], [505.0, 182.0], [505.0, 200.0], [471.0, 200.0]], '1545', '0.62894207239151']
[[[578.0, 182.0], [612.0, 182.0], [612.0, 200.0], [578.0, 200.0]], '13:t0', '0.7388004263242086']
[[[683.0, 182.0], [720.0, 182.0], [720.0, 200.0], [683.0, 200.0]], '15:00', '0.7363866766293844']
[[[0.0, 183.0], [50.0, 183.0], [50.0, 199.0], [0.0, 199.0]], '37TAT', '0.5412764946619669']
[[[203.0, 183.0], [240.0, 182.0], [240.0, 199.0], [203.0, 200.0]], '07:02', '0.8284280896186829']
[[[525.0, 183.0], [558.0, 181.0], [559.0, 199.0], [525.0, 200.0]], '11:56', '0.6821201344331106']
[[[631.0, 183.0], [666.0, 183.0], [666.0, 200.0], [631.0, 200.0]], '13:24', '0.7590800126393636']
[[[737.0, 183.0], [773.0, 181.0], [773.0, 199.0], [738.0, 200.0]], '15:09', '0.8254066705703735']
[[[791.0, 182.0], [827.0, 182.0], [827.0, 200.0], [791.0, 200.0]], '86:50', '0.6734223961830139']
[[[844.0, 183.0], [880.0, 183.0], [880.0, 199.0], [844.0, 199.0]], '16:24', '0.7694708704948425']
[[[0.0, 202.0], [72.0, 202.0], [72.0, 217.0], [0.0, 217.0]], 'ATFORMNO', '0.8101233972443475']
[[[0.0, 220.0], [50.0, 220.0], [50.0, 239.0], [0.0, 239.0]], 'LVILLE', '0.8341720529964992']
[[[203.0, 220.0], [241.0, 220.0], [241.0, 239.0], [203.0, 239.0]], '07:03', '0.7993033329645792']
[[[309.0, 220.0], [348.0, 220.0], [348.0, 239.0], [309.0, 239.0]], '08:40', '0.7259224851926168']
[[[417.0, 220.0], [453.0, 220.0], [453.0, 239.0], [417.0, 239.0]], '10:05', '0.7101359665393829']
[[[525.0, 220.0], [559.0, 220.0], [559.0, 239.0], [525.0, 239.0]], '11:55', '0.7448000311851501']
[[[631.0, 220.0], [667.0, 220.0], [667.0, 239.0], [631.0, 239.0]], '13:25', '0.7935562233130137']
[[[738.0, 220.0], [773.0, 220.0], [773.0, 239.0], [738.0, 239.0]], '15:10', '0.7569096187750498']
[[[844.0, 220.0], [881.0, 220.0], [881.0, 239.0], [844.0, 239.0]], '16:25', '0.8197907408078512']

===== R_bell_cape.png =====
elapse=[0.9115285873413086, 0.40764641761779785, 1.5350098609924316] n=97
[[[149.0, 0.0], [187.0, 0.0], [187.0, 16.0], [149.0, 17.0]], '06:50', '0.8227674762407938']
[[[203.0, 0.0], [239.0, 0.0], [239.0, 15.0], [203.0, 15.0]], '07:02', '0.8281880219777426']
[[[257.0, 0.0], [293.0, 0.0], [293.0, 16.0], [257.0, 17.0]], 'OB:15', '0.7023831407229105']
[[[309.0, 0.0], [346.0, 0.0], [347.0, 15.0], [309.0, 16.0]], '08:39', '0.6816665530204773']
[[[362.0, 0.0], [401.0, 0.0], [401.0, 16.0], [362.0, 16.0]], '09:30', '0.7130899329980215']
[[[417.0, 0.0], [452.0, 0.0], [452.0, 16.0], [417.0, 16.0]], '10:04', '0.7919214765230814']
[[[471.0, 0.0], [505.0, 0.0], [505.0, 15.0], [472.0, 16.0]], '1145', '0.618127578496933']
[[[525.0, 0.0], [558.0, 0.0], [559.0, 16.0], [525.0, 17.0]], '11:56', '0.6603758831818899']
[[[577.0, 0.0], [612.0, 0.0], [612.0, 16.0], [578.0, 17.0]], '13:10', '0.7659027576446533']
[[[630.0, 0.0], [666.0, 0.0], [666.0, 16.0], [631.0, 17.0]], '13:24', '0.7379869023958842']
[[[683.0, 0.0], [719.0, 0.0], [719.0, 16.0], [683.0, 16.0]], '15:00', '0.7958943545818329']
[[[737.0, 0.0], [772.0, 0.0], [773.0, 15.0], [738.0, 16.0]], '15:09', '0.734736979007721']
[[[790.0, 0.0], [827.0, 0.0], [827.0, 16.0], [791.0, 17.0]], '06:50', '0.629201720158259']
[[[844.0, 0.0], [880.0, 0.0], [880.0, 16.0], [844.0, 16.0]], '16:24', '0.7650669813156128']
[[[0.0, 18.0], [72.0, 18.0], [72.0, 34.0], [0.0, 34.0]], 'ATFORMNO', '0.8110076785087585']
[[[417.0, 36.0], [453.0, 36.0], [453.0, 56.0], [417.0, 56.0]], '10:05', '0.6401406824588776']
[[[525.0, 36.0], [559.0, 36.0], [559.0, 56.0], [525.0, 56.0]], '11:55', '0.6907999118169149']
[[[631.0, 36.0], [667.0, 36.0], [667.0, 56.0], [631.0, 56.0]], '13:25', '0.7415626247723898']
[[[738.0, 36.0], [773.0, 36.0], [773.0, 56.0], [738.0, 56.0]], '15:10', '0.8027043143908182']
[[[0.0, 37.0], [51.0, 37.0], [51.0, 56.0], [0.0, 56.0]], 'LVILLE', '0.8360164846692767']
[[[203.0, 37.0], [241.0, 37.0], [241.0, 56.0], [203.0, 56.0]], '07:03', '0.7189468642075857']
[[[309.0, 37.0], [348.0, 37.0], [348.0, 55.0], [309.0, 55.0]], '08:40', '0.7176492313543955']
[[[844.0, 36.0], [880.0, 36.0], [880.0, 56.0], [844.0, 56.0]], '16:25', '0.8170084357261658']
[[[203.0, 55.0], [240.0, 55.0], [240.0, 75.0], [203.0, 75.0]], '0709', '0.7299399375915527']
[[[309.0, 55.0], [347.0, 54.0], [347.0, 74.0], [309.0, 75.0]], '0846', '0.5350181937217713']
[[[419.0, 54.0], [451.0, 54.0], [451.0, 75.0], [419.0, 75.0]], '10-11', '0.735501766204834']
[[[525.0, 55.0], [558.0, 55.0], [558.0, 75.0], [525.0, 75.0]], '10-24', '0.7542508741219839']
[[[632.0, 55.0], [667.0, 55.0], [667.0, 75.0], [632.0, 75.0]], '03:39', '0.6145350635051727']
[[[739.0, 55.0], [772.0, 55.0], [772.0, 75.0], [739.0, 75.0]], '15:16', '0.7687218089898428']
[[[0.0, 56.0], [58.0, 56.0], [58.0, 75.0], [0.0, 75.0]], 'SERBERO', '0.8120578154921532']
[[[845.0, 55.0], [880.0, 55.0], [880.0, 75.0], [845.0, 75.0]], '16-31', '0.7471761902173361']
[[[202.0, 73.0], [240.0, 73.0], [240.0, 94.0], [202.0, 94.0]], '0709', '0.6306245923042297']
[[[309.0, 73.0], [348.0, 73.0], [348.0, 94.0], [309.0, 94.0]], '0846', '0.7099165558815003']
[[[419.0, 73.0], [451.0, 73.0], [451.0, 94.0], [419.0, 94.0]], '10-11', '0.6815031915903091']
[[[524.0, 73.0], [559.0, 72.0], [559.0, 93.0], [525.0, 94.0]], '12:01', '0.761244922876358']
[[[632.0, 73.0], [667.0, 73.0], [667.0, 94.0], [632.0, 94.0]], '13:31', '0.7508381108442942']
[[[739.0, 73.0], [772.0, 73.0], [772.0, 94.0], [739.0, 94.0]], '15:16', '0.8021084268887838']
[[[845.0, 73.0], [879.0, 73.0], [879.0, 94.0], [845.0, 94.0]], '16-31', '0.7408449699481329']
[[[204.0, 92.0], [238.0, 92.0], [238.0, 112.0], [204.0, 112.0]], '0735', '0.6564813375473022']
[[[310.0, 92.0], [348.0, 92.0], [348.0, 113.0], [310.0, 113.0]], '08:52', '0.6604234079519907']
[[[419.0, 92.0], [452.0, 92.0], [452.0, 112.0], [419.0, 112.0]], '10:17', '0.6390383491913477']
[[[524.0, 92.0], [560.0, 92.0], [560.0, 113.0], [524.0, 113.0]], '12:07', '0.7163665145635605']
[[[631.0, 92.0], [666.0, 92.0], [666.0, 112.0], [631.0, 112.0]], '13:37', '0.8005654215812683']
[[[738.0, 92.0], [774.0, 92.0], [774.0, 113.0], [738.0, 113.0]], '1522', '0.7768158435821533']
[[[0.0, 94.0], [66.0, 94.0], [66.0, 111.0], [0.0, 111.0]], 'SIESRIVER', '0.8026515066623687']
[[[845.0, 92.0], [880.0, 92.0], [880.0, 112.0], [845.0, 112.0]], '1637', '0.794726300239563']
[[[0.0, 111.0], [27.0, 111.0], [27.0, 133.0], [0.0, 133.0]], 'SCO', '0.6007810831069946']
[[[204.0, 111.0], [238.0, 111.0], [238.0, 132.0], [204.0, 132.0]], '07-39', '0.6518143018086752']
[[[309.0, 111.0], [348.0, 111.0], [348.0, 132.0], [309.0, 132.0]], '08:56', '0.6565079738696417']
[[[418.0, 111.0], [452.0, 111.0], [452.0, 132.0], [418.0, 132.0]], '10:21', '0.6096336990594864']
[[[526.0, 111.0], [559.0, 111.0], [559.0, 132.0], [526.0, 132.0]], '12:11', '0.783664345741272']
[[[632.0, 111.0], [667.0, 111.0], [667.0, 131.0], [632.0, 131.0]], '13:43', '0.7259422640005747']
[[[737.0, 110.0], [774.0, 111.0], [774.0, 132.0], [737.0, 131.0]], '1526', '0.7947292685508728']
[[[845.0, 112.0], [879.0, 111.0], [880.0, 131.0], [845.0, 132.0]], '16-41', '0.6613306303819021']
[[[0.0, 131.0], [56.0, 130.0], [57.0, 148.0], [0.0, 149.0]], 'DDWOOO', '0.7250195826802935']
[[[204.0, 131.0], [239.0, 131.0], [239.0, 149.0], [204.0, 149.0]], '0322', '0.6903885483741761']
[[[309.0, 131.0], [347.0, 131.0], [347.0, 149.0], [309.0, 149.0]], '0859', '0.7404873609542847']
[[[418.0, 131.0], [453.0, 131.0], [453.0, 149.0], [418.0, 149.0]], '10:24', '0.7171852389971415']
[[[525.0, 131.0], [558.0, 131.0], [558.0, 149.0], [525.0, 149.0]], '12:14', '0.67910668750604']
[[[631.0, 131.0], [666.0, 131.0], [666.0, 149.0], [631.0, 149.0]], '13:44', '0.7302468717098236']
[[[738.0, 131.0], [773.0, 131.0], [773.0, 149.0], [738.0, 149.0]], '1529', '0.7422198534011841']
[[[203.0, 147.0], [240.0, 148.0], [240.0, 169.0], [203.0, 168.0]], '07:27', '0.7582494020462036']
[[[309.0, 148.0], [347.0, 148.0], [347.0, 169.0], [309.0, 169.0]], '0906', '0.672334361076355']
[[[417.0, 148.0], [453.0, 148.0], [453.0, 169.0], [417.0, 169.0]], '10.29', '0.7424033681551615']
[[[525.0, 148.0], [558.0, 148.0], [558.0, 169.0], [525.0, 169.0]], '6F2', '0.5468930751085281']
[[[630.0, 148.0], [667.0, 147.0], [667.0, 168.0], [631.0, 169.0]], '33:49', '0.6324020425478617']
[[[738.0, 147.0], [774.0, 148.0], [773.0, 169.0], [737.0, 168.0]], '1536', '0.6896230518817902']
[[[845.0, 148.0], [880.0, 148.0], [880.0, 168.0], [845.0, 169.0]], '16059', '0.7090916534264883']
[[[202.0, 167.0], [240.0, 167.0], [240.0, 188.0], [202.0, 188.0]], '0734', '0.7452414512634278']
[[[311.0, 167.0], [345.0, 167.0], [345.0, 187.0], [311.0, 187.0]], '09:11', '0.6912765304247538']
[[[417.0, 167.0], [454.0, 167.0], [454.0, 188.0], [417.0, 188.0]], '10:35', '0.7367118895053864']
[[[524.0, 166.0], [560.0, 166.0], [560.0, 188.0], [524.0, 188.0]], '026', '0.6532521843910217']
[[[631.0, 167.0], [667.0, 167.0], [667.0, 188.0], [631.0, 188.0]], '1355', '0.7722948670387269']
[[[739.0, 167.0], [773.0, 167.0], [773.0, 187.0], [739.0, 187.0]], '1541', '0.7866685509681701']
[[[0.0, 168.0], [36.0, 168.0], [36.0, 188.0], [0.0, 188.0]], 'TUAL', '0.7971486330032349']
[[[845.0, 167.0], [881.0, 167.0], [881.0, 188.0], [845.0, 188.0]], '1686', '0.6158254146575928']
[[[202.0, 186.0], [241.0, 186.0], [241.0, 207.0], [202.0, 207.0]], '0738', '0.7929647922515869']
[[[418.0, 186.0], [453.0, 185.0], [453.0, 206.0], [418.0, 207.0]], '10元0', '0.7008910775184631']
[[[525.0, 186.0], [560.0, 186.0], [560.0, 206.0], [525.0, 206.0]], '72:30', '0.6259300311406454']
[[[631.0, 186.0], [667.0, 186.0], [667.0, 206.0], [631.0, 206.0]], '16:00', '0.7403204143047333']
[[[0.0, 187.0], [48.0, 186.0], [49.0, 205.0], [0.0, 207.0]], 'TLAND', '0.8138232032457987']
[[[738.0, 187.0], [773.0, 187.0], [773.0, 205.0], [738.0, 205.0]], '15×5', '0.6942658185958862']
[[[845.0, 186.0], [880.0, 186.0], [880.0, 206.0], [845.0, 206.0]], '17:00', '0.7342374424139658']
[[[418.0, 205.0], [453.0, 205.0], [453.0, 225.0], [418.0, 225.0]], '10.63', '0.6764009992281595']
[[[525.0, 205.0], [561.0, 205.0], [561.0, 225.0], [525.0, 225.0]], '233', '0.7068190574645996']
[[[631.0, 205.0], [667.0, 205.0], [667.0, 225.0], [631.0, 225.0]], '15:00', '0.6242675483226776']
[[[0.0, 206.0], [63.0, 206.0], [63.0, 224.0], [0.0, 224.0]], 'EBERGRD', '0.8341898769140244']
[[[311.0, 206.0], [346.0, 206.0], [346.0, 225.0], [311.0, 225.0]], '09:18', '0.6903227667013804']
[[[737.0, 206.0], [774.0, 205.0], [774.0, 224.0], [738.0, 225.0]], '1504B', '0.6945214668909708']
[[[845.0, 205.0], [880.0, 205.0], [880.0, 225.0], [845.0, 225.0]], '1703', '0.7325242161750793']
[[[0.0, 224.0], [56.0, 225.0], [55.0, 243.0], [0.0, 243.0]], 'TRIVER', '0.8073754991803851']
[[[203.0, 224.0], [240.0, 224.0], [240.0, 244.0], [203.0, 244.0]], '0743', '0.6350117206573487']
[[[311.0, 224.0], [348.0, 224.0], [348.0, 245.0], [311.0, 245.0]], '0920', '0.7862159132957458']
[[[418.0, 224.0], [453.0, 224.0], [453.0, 244.0], [418.0, 244.0]], '1045', '0.786023485660553']
[[[524.0, 224.0], [560.0, 224.0], [560.0, 245.0], [524.0, 245.0]], '235', '0.677648738026619']
[[[738.0, 224.0], [773.0, 224.0], [773.0, 244.0], [738.0, 244.0]], '1550', '0.7939455509185791']
[[[845.0, 223.0], [880.0, 224.0], [880.0, 245.0], [844.0, 244.0]], '17305', '0.731465220451355']

===== LEFT_full.png =====
elapse=[0.803457498550415, 0.6366908550262451, 4.423090696334839] n=264
[[[67.0, 58.0], [844.0, 58.0], [844.0, 84.0], [67.0, 84.0]], 'NORTHERNLINEPUBLICHOLIDAYTIMETABLE2026', '0.9148390293121338']
[[[89.0, 173.0], [156.0, 176.0], [155.0, 197.0], [88.0, 194.0]], 'TRAJN NO', '0.775186386373308']
[[[244.0, 176.0], [280.0, 176.0], [280.0, 195.0], [244.0, 195.0]], '2501', '0.7973187327384949']
[[[457.0, 176.0], [495.0, 176.0], [495.0, 195.0], [457.0, 195.0]], '2505', '0.6914839744567871']
[[[510.0, 176.0], [548.0, 176.0], [548.0, 195.0], [510.0, 195.0]], '3205', '0.7976469039916992']
[[[564.0, 176.0], [602.0, 176.0], [602.0, 195.0], [564.0, 195.0]], '2507', '0.7975396633148193']
[[[618.0, 176.0], [654.0, 176.0], [654.0, 195.0], [618.0, 195.0]], '3207', '0.7388094425201416']
[[[671.0, 176.0], [707.0, 176.0], [707.0, 195.0], [671.0, 195.0]], '2509', '0.725491201877594']
[[[724.0, 176.0], [762.0, 176.0], [762.0, 195.0], [724.0, 195.0]], '3209', '0.7982780456542968']
[[[779.0, 176.0], [812.0, 176.0], [812.0, 195.0], [779.0, 195.0]], '2511', '0.7944496631622314']
[[[833.0, 176.0], [866.0, 176.0], [866.0, 195.0], [833.0, 195.0]], '3211', '0.7804770588874816']
[[[884.0, 176.0], [920.0, 176.0], [920.0, 195.0], [884.0, 195.0]], '2513', '0.6629045128822326']
[[[939.0, 176.0], [973.0, 176.0], [973.0, 195.0], [939.0, 195.0]], '3213', '0.7550243973731995']
[[[299.0, 177.0], [333.0, 177.0], [333.0, 195.0], [299.0, 195.0]], '3201', '0.7350964546203613']
[[[350.0, 177.0], [388.0, 177.0], [388.0, 195.0], [350.0, 195.0]], '2503', '0.7961885094642639']
[[[403.0, 177.0], [441.0, 177.0], [441.0, 195.0], [403.0, 195.0]], '3203', '0.7038296222686767']
[[[996.0, 172.0], [1023.0, 172.0], [1023.0, 195.0], [996.0, 195.0]], 'TRA', '0.7174221128225327']
[[[561.0, 195.0], [598.0, 195.0], [598.0, 217.0], [561.0, 217.0]], '加1:30', '0.5171537945667902']
[[[667.0, 195.0], [705.0, 195.0], [705.0, 217.0], [667.0, 217.0]], '12:55', '0.7749429047107697']
[[[772.0, 195.0], [812.0, 192.0], [813.0, 214.0], [773.0, 217.0]], '14:30', '0.6642337342103323']
[[[93.0, 196.0], [175.0, 196.0], [175.0, 216.0], [93.0, 216.0]], 'CAPETOWN', '0.8729318843947517']
[[[452.0, 196.0], [495.0, 196.0], [495.0, 217.0], [452.0, 217.0]], '09:40', '0.7357184092203776']
[[[241.0, 197.0], [278.0, 197.0], [278.0, 216.0], [241.0, 216.0]], '06:15', '0.775717536608378']
[[[346.0, 197.0], [386.0, 197.0], [386.0, 215.0], [346.0, 215.0]], '08:00', '0.7074524164199829']
[[[883.0, 197.0], [917.0, 197.0], [917.0, 216.0], [883.0, 216.0]], '16:10', '0.5442131360371908']
[[[1001.0, 193.0], [1023.0, 193.0], [1023.0, 215.0], [1001.0, 215.0]], 'KR', '0.5692112247149149']
[[[347.0, 215.0], [386.0, 215.0], [386.0, 233.0], [347.0, 233.0]], '08.03', '0.7908146182696024']
[[[562.0, 215.0], [596.0, 215.0], [596.0, 233.0], [562.0, 233.0]], '11:33', '0.7127547462781271']
[[[669.0, 215.0], [704.0, 215.0], [704.0, 233.0], [669.0, 233.0]], '12.58', '0.7279278735319773']
[[[774.0, 215.0], [812.0, 215.0], [812.0, 233.0], [774.0, 233.0]], '16:33', '0.7671076655387878']
[[[883.0, 215.0], [917.0, 215.0], [917.0, 233.0], [883.0, 233.0]], '1633', '0.7714314937591553']
[[[94.0, 216.0], [180.0, 216.0], [180.0, 232.0], [94.0, 232.0]], 'WOOOSTOCK', '0.8185149550437927']
[[[453.0, 216.0], [492.0, 216.0], [492.0, 233.0], [453.0, 233.0]], 'EX6D', '0.5403819143772125']
[[[1001.0, 212.0], [1023.0, 212.0], [1023.0, 232.0], [1001.0, 232.0]], 'EIK', '0.6550770252943039']
[[[882.0, 232.0], [918.0, 232.0], [918.0, 254.0], [882.0, 254.0]], '16:17', '0.691072940826416']
[[[93.0, 233.0], [173.0, 233.0], [173.0, 253.0], [93.0, 253.0]], 'SALTRIVER', '0.86144317984581']
[[[240.0, 234.0], [279.0, 234.0], [279.0, 253.0], [240.0, 253.0]], '06:22', '0.7467285891373953']
[[[346.0, 234.0], [385.0, 234.0], [385.0, 252.0], [346.0, 252.0]], '0807', '0.6555307030677795']
[[[453.0, 234.0], [494.0, 234.0], [494.0, 252.0], [453.0, 252.0]], '09:47', '0.6169429918130239']
[[[563.0, 234.0], [597.0, 234.0], [597.0, 253.0], [563.0, 253.0]], '1:37', '0.5723836123943329']
[[[669.0, 234.0], [704.0, 234.0], [704.0, 253.0], [669.0, 253.0]], '13:02', '0.6134157131115595']
[[[775.0, 234.0], [812.0, 234.0], [812.0, 252.0], [775.0, 252.0]], '14:37', '0.7265772720177969']
[[[1000.0, 230.0], [1023.0, 230.0], [1023.0, 251.0], [1000.0, 251.0]], 'BR', '0.6207180619239807']
[[[93.0, 252.0], [179.0, 254.0], [179.0, 272.0], [93.0, 270.0]], 'KOEBERGRD', '0.8512783586978913']
[[[240.0, 253.0], [278.0, 253.0], [278.0, 271.0], [240.0, 271.0]], '06:25', '0.6996350189050039']
[[[453.0, 253.0], [493.0, 253.0], [493.0, 271.0], [453.0, 271.0]], '0950', '0.6524922132492066']
[[[563.0, 253.0], [596.0, 253.0], [596.0, 271.0], [563.0, 271.0]], '1240', '0.6051838159561157']
[[[668.0, 253.0], [705.0, 253.0], [705.0, 271.0], [668.0, 271.0]], '3.05', '0.6408105373382569']
[[[774.0, 253.0], [813.0, 253.0], [813.0, 271.0], [774.0, 271.0]], '14:40', '0.7420341471831003']
[[[882.0, 253.0], [918.0, 253.0], [918.0, 271.0], [882.0, 271.0]], '35:20', '0.7342202365398407']
[[[240.0, 271.0], [279.0, 271.0], [279.0, 289.0], [240.0, 289.0]], '0628', '0.7137023568153381']
[[[348.0, 271.0], [384.0, 271.0], [384.0, 289.0], [348.0, 289.0]], 'DE13', '0.6926088690757751']
[[[453.0, 271.0], [493.0, 271.0], [493.0, 289.0], [453.0, 289.0]], '0953', '0.7971860051155091']
[[[562.0, 271.0], [596.0, 271.0], [596.0, 290.0], [562.0, 290.0]], '1163', '0.5796236217021942']
[[[882.0, 271.0], [918.0, 271.0], [918.0, 289.0], [882.0, 289.0]], '1623', '0.5971550226211548']
[[[94.0, 272.0], [164.0, 272.0], [164.0, 289.0], [94.0, 289.0]], 'MAITLAND', '0.8277127477857802']
[[[668.0, 272.0], [705.0, 272.0], [705.0, 290.0], [668.0, 290.0]], '1368', '0.5519139349460602']
[[[774.0, 272.0], [812.0, 270.0], [813.0, 289.0], [775.0, 291.0]], '1643', '0.629447066783905']
[[[998.0, 270.0], [1023.0, 270.0], [1023.0, 290.0], [998.0, 290.0]], 'STR', '0.7109794765710831']
[[[238.0, 289.0], [280.0, 289.0], [280.0, 310.0], [238.0, 310.0]], '06:33', '0.5089084754387537']
[[[94.0, 290.0], [150.0, 290.0], [150.0, 308.0], [94.0, 308.0]], 'MUTUAL', '0.8290438652038574']
[[[348.0, 290.0], [384.0, 290.0], [384.0, 309.0], [348.0, 309.0]], '00:18', '0.664020225405693']
[[[454.0, 290.0], [493.0, 290.0], [493.0, 309.0], [454.0, 309.0]], '0958', '0.7923311352729797']
[[[562.0, 290.0], [596.0, 290.0], [596.0, 309.0], [562.0, 309.0]], '1148', '0.6080126523971557']
[[[669.0, 290.0], [704.0, 290.0], [704.0, 309.0], [669.0, 309.0]], '13:13', '0.7768641610940298']
[[[775.0, 290.0], [813.0, 290.0], [813.0, 309.0], [775.0, 309.0]], '14:48', '0.6287459929784139']
[[[881.0, 290.0], [918.0, 290.0], [918.0, 309.0], [881.0, 309.0]], '16:28', '0.7261847953001658']
[[[998.0, 288.0], [1023.0, 288.0], [1023.0, 308.0], [998.0, 308.0]], 'VAN', '0.6694299429655075']
[[[93.0, 308.0], [168.0, 308.0], [168.0, 327.0], [93.0, 327.0]], 'THORNTON', '0.8507987459500631']
[[[240.0, 309.0], [278.0, 309.0], [278.0, 327.0], [240.0, 327.0]], 'D6:36', '0.7068085173765818']
[[[348.0, 309.0], [385.0, 309.0], [385.0, 326.0], [348.0, 326.0]], '12380', '0.5901731799046198']
[[[456.0, 309.0], [491.0, 309.0], [491.0, 327.0], [456.0, 327.0]], '30:01', '0.545508993168672']
[[[670.0, 309.0], [704.0, 309.0], [704.0, 326.0], [670.0, 326.0]], '13:16', '0.7342272897561392']
[[[776.0, 309.0], [811.0, 309.0], [811.0, 327.0], [776.0, 327.0]], '16:51', '0.7491759558518728']
[[[882.0, 309.0], [917.0, 309.0], [917.0, 327.0], [882.0, 327.0]], '16-31', '0.7653321425120035']
[[[998.0, 307.0], [1023.0, 307.0], [1023.0, 327.0], [998.0, 327.0]], 'SON', '0.7110658884048462']
[[[453.0, 326.0], [492.0, 326.0], [492.0, 348.0], [453.0, 348.0]], '90-4', '0.6548971176147461']
[[[562.0, 327.0], [596.0, 327.0], [596.0, 346.0], [562.0, 346.0]], '1:56', '0.5973210096359253']
[[[670.0, 327.0], [703.0, 327.0], [703.0, 346.0], [670.0, 346.0]], '13-21', '0.6545112580060959']
[[[94.0, 328.0], [173.0, 328.0], [173.0, 345.0], [94.0, 345.0]], 'GOODWOOD', '0.8266747925016615']
[[[347.0, 328.0], [386.0, 328.0], [386.0, 346.0], [347.0, 346.0]], '08:26', '0.6980701883633932']
[[[775.0, 328.0], [812.0, 328.0], [812.0, 347.0], [775.0, 347.0]], '1456', '0.7141003012657166']
[[[881.0, 328.0], [918.0, 328.0], [918.0, 347.0], [881.0, 347.0]], '16:36', '0.652440552910169']
[[[998.0, 325.0], [1023.0, 325.0], [1023.0, 345.0], [998.0, 345.0]], 'FIRO', '0.5671857237815857']
[[[94.0, 347.0], [141.0, 347.0], [141.0, 365.0], [94.0, 365.0]], 'VASCO', '0.777736077706019']
[[[239.0, 347.0], [279.0, 347.0], [279.0, 365.0], [239.0, 365.0]], '06:48', '0.6816527843475342']
[[[346.0, 347.0], [386.0, 347.0], [386.0, 365.0], [346.0, 365.0]], 'D833', '0.6692583084106445']
[[[455.0, 347.0], [491.0, 347.0], [491.0, 366.0], [455.0, 366.0]], '12:13', '0.6763938665390015']
[[[560.0, 347.0], [598.0, 347.0], [598.0, 366.0], [560.0, 366.0]], '1203', '0.7942505240440368']
[[[668.0, 347.0], [704.0, 347.0], [704.0, 366.0], [668.0, 366.0]], '13:28', '0.7692431211471558']
[[[775.0, 347.0], [811.0, 347.0], [811.0, 366.0], [775.0, 366.0]], '15:03', '0.822521577278773']
[[[881.0, 348.0], [919.0, 348.0], [919.0, 366.0], [881.0, 366.0]], '16:43', '0.6836730937163035']
[[[998.0, 344.0], [1023.0, 344.0], [1023.0, 365.0], [998.0, 365.0]], 'FAL', '0.6085191071033478']
[[[94.0, 366.0], [183.0, 366.0], [183.0, 383.0], [94.0, 383.0]], 'ELSIESRIWVER', '0.8200758787301871']
[[[240.0, 366.0], [278.0, 366.0], [278.0, 384.0], [240.0, 384.0]], '0651', '0.6136405646800995']
[[[346.0, 366.0], [386.0, 366.0], [386.0, 384.0], [346.0, 384.0]], '0B-36', '0.6086827317873637']
[[[456.0, 366.0], [491.0, 366.0], [491.0, 384.0], [456.0, 384.0]], '10:16', '0.6758397569259008']
[[[560.0, 366.0], [598.0, 366.0], [598.0, 384.0], [560.0, 384.0]], '1206', '0.7933977007865906']
[[[669.0, 366.0], [704.0, 366.0], [704.0, 384.0], [669.0, 384.0]], '13:31', '0.6683227519194285']
[[[776.0, 366.0], [813.0, 366.0], [813.0, 384.0], [776.0, 384.0]], '15:06', '0.7862028976281484']
[[[94.0, 385.0], [146.0, 385.0], [146.0, 403.0], [94.0, 403.0]], 'PAROW', '0.7410658995310465']
[[[240.0, 385.0], [279.0, 385.0], [279.0, 404.0], [240.0, 404.0]], '0655', '0.7162746310234069']
[[[346.0, 385.0], [386.0, 385.0], [386.0, 403.0], [346.0, 403.0]], '08.40', '0.6250243186950684']
[[[453.0, 385.0], [491.0, 385.0], [491.0, 404.0], [453.0, 404.0]], '10:20', '0.6736747026443481']
[[[562.0, 385.0], [597.0, 385.0], [597.0, 403.0], [562.0, 403.0]], '12:10', '0.7205533881982168']
[[[668.0, 385.0], [704.0, 385.0], [704.0, 404.0], [668.0, 404.0]], '03:35', '0.665555422504743']
[[[776.0, 385.0], [811.0, 385.0], [811.0, 404.0], [776.0, 404.0]], '15:10', '0.5805549323558807']
[[[882.0, 385.0], [918.0, 385.0], [918.0, 404.0], [882.0, 404.0]], '3650', '0.6343014240264893']
[[[1000.0, 382.0], [1023.0, 382.0], [1023.0, 402.0], [1000.0, 402.0]], 'ME', '0.6625487407048544']
[[[345.0, 402.0], [387.0, 402.0], [387.0, 422.0], [345.0, 422.0]], '08:45', '0.6020980129639307']
[[[93.0, 403.0], [174.0, 403.0], [174.0, 422.0], [93.0, 422.0]], 'TYGEREERG', '0.8013206124305725']
[[[241.0, 404.0], [278.0, 404.0], [278.0, 421.0], [241.0, 421.0]], '07:00', '0.8088601926962534']
[[[454.0, 404.0], [490.0, 404.0], [490.0, 421.0], [454.0, 421.0]], '10:25', '0.723986546198527']
[[[562.0, 404.0], [596.0, 404.0], [596.0, 421.0], [562.0, 421.0]], '12:15', '0.7602473596731821']
[[[668.0, 404.0], [705.0, 404.0], [705.0, 421.0], [668.0, 421.0]], '13:40', '0.7091802010933558']
[[[776.0, 404.0], [810.0, 404.0], [810.0, 421.0], [776.0, 421.0]], '15:15', '0.8151851296424866']
[[[882.0, 404.0], [918.0, 404.0], [918.0, 421.0], [882.0, 421.0]], '1655', '0.6588020920753479']
[[[345.0, 420.0], [387.0, 420.0], [387.0, 441.0], [345.0, 441.0]], '0850', '0.7755708932876587']
[[[92.0, 421.0], [167.0, 421.0], [167.0, 441.0], [92.0, 441.0]], 'BELLVILLE', '0.8193472802639008']
[[[240.0, 421.0], [278.0, 421.0], [278.0, 440.0], [240.0, 440.0]], '07:05', '0.8190415501594543']
[[[453.0, 421.0], [492.0, 421.0], [492.0, 440.0], [453.0, 440.0]], '30:30', '0.5445151055852572']
[[[560.0, 421.0], [598.0, 421.0], [598.0, 440.0], [560.0, 440.0]], '1220', '0.6812219858169556']
[[[667.0, 421.0], [705.0, 421.0], [705.0, 440.0], [667.0, 440.0]], '13:45', '0.7824361125628153']
[[[774.0, 421.0], [812.0, 421.0], [812.0, 440.0], [774.0, 440.0]], '15:20', '0.7163880268732706']
[[[881.0, 421.0], [918.0, 421.0], [918.0, 440.0], [881.0, 440.0]], '17:00', '0.7663267850875854']
[[[1000.0, 419.0], [1023.0, 419.0], [1023.0, 440.0], [1000.0, 440.0]], 'KU', '0.5201746225357056']
[[[116.0, 441.0], [211.0, 441.0], [211.0, 458.0], [116.0, 458.0]], 'PLATFORNNO', '0.8761211037635803']
[[[1000.0, 438.0], [1023.0, 438.0], [1023.0, 458.0], [1000.0, 458.0]], 'BE', '0.643826425075531']
[[[93.0, 459.0], [167.0, 459.0], [167.0, 479.0], [93.0, 479.0]], 'BELLWILLE', '0.7756020188331604']
[[[240.0, 460.0], [279.0, 460.0], [279.0, 482.0], [240.0, 482.0]], '07:06', '0.7655731538931528']
[[[294.0, 460.0], [332.0, 460.0], [332.0, 479.0], [294.0, 479.0]], '07:20', '0.7685246070226034']
[[[401.0, 460.0], [438.0, 460.0], [438.0, 478.0], [401.0, 478.0]], '09:15', '0.7273235122362772']
[[[455.0, 460.0], [491.0, 460.0], [491.0, 482.0], [455.0, 482.0]], '10:31', '0.7829929292201996']
[[[507.0, 460.0], [544.0, 460.0], [544.0, 478.0], [507.0, 478.0]], '10:40', '0.7084463785092036']
[[[562.0, 460.0], [597.0, 460.0], [597.0, 482.0], [562.0, 482.0]], '12:21', '0.8186925748984019']
[[[615.0, 460.0], [651.0, 460.0], [651.0, 479.0], [615.0, 479.0]], '12:60', '0.7359996636708578']
[[[721.0, 460.0], [758.0, 460.0], [758.0, 479.0], [721.0, 479.0]], '13:55', '0.7202176054318746']
[[[776.0, 460.0], [811.0, 460.0], [811.0, 482.0], [776.0, 482.0]], '15:21', '0.8129572172959646']
[[[828.0, 460.0], [865.0, 460.0], [865.0, 478.0], [828.0, 478.0]], '16:09', '0.7022387981414795']
[[[937.0, 460.0], [970.0, 460.0], [970.0, 479.0], [937.0, 479.0]], '17:15', '0.8203031818072001']
[[[347.0, 461.0], [385.0, 461.0], [385.0, 480.0], [347.0, 480.0]], '15:80', '0.7181075612703959']
[[[668.0, 461.0], [705.0, 461.0], [705.0, 480.0], [668.0, 480.0]], '13:5', '0.7091187238693237']
[[[999.0, 457.0], [1023.0, 457.0], [1023.0, 477.0], [999.0, 477.0]], 'PU', '0.6386476159095764']
[[[93.0, 478.0], [178.0, 478.0], [178.0, 498.0], [93.0, 498.0]], 'KUILSRIVER', '0.832190752029419']
[[[294.0, 479.0], [332.0, 479.0], [332.0, 498.0], [294.0, 498.0]], '07:32', '0.7511820197105408']
[[[401.0, 479.0], [438.0, 479.0], [438.0, 498.0], [401.0, 498.0]], '09.27', '0.7905233303705851']
[[[616.0, 479.0], [650.0, 479.0], [650.0, 498.0], [616.0, 498.0]], '1252', '0.778176462650299']
[[[722.0, 479.0], [758.0, 479.0], [758.0, 498.0], [722.0, 498.0]], '14:37', '0.6220822930335999']
[[[829.0, 479.0], [864.0, 479.0], [864.0, 498.0], [829.0, 498.0]], '16:12', '0.8157568673292795']
[[[937.0, 479.0], [970.0, 479.0], [970.0, 498.0], [937.0, 498.0]], '1727', '0.6930293202400207']
[[[1000.0, 477.0], [1023.0, 477.0], [1023.0, 497.0], [1000.0, 497.0]], 'BE', '0.6475701133410136']
[[[295.0, 498.0], [331.0, 498.0], [331.0, 516.0], [295.0, 516.0]], '07541', '0.515093982219696']
[[[617.0, 498.0], [650.0, 498.0], [650.0, 516.0], [617.0, 516.0]], '83:01', '0.6734152585268021']
[[[829.0, 498.0], [863.0, 498.0], [863.0, 516.0], [829.0, 516.0]], '1621', '0.5709219872951508']
[[[936.0, 498.0], [970.0, 498.0], [970.0, 516.0], [936.0, 516.0]], '17:35', '0.7750944296518961']
[[[94.0, 499.0], [184.0, 499.0], [184.0, 515.0], [94.0, 515.0]], 'BLACKHEATH', '0.8996908285401084']
[[[401.0, 499.0], [439.0, 499.0], [439.0, 516.0], [401.0, 516.0]], '9860', '0.5349966764450074']
[[[1001.0, 495.0], [1023.0, 495.0], [1023.0, 515.0], [1001.0, 515.0]], 'TY', '0.6046876311302185']
[[[93.0, 515.0], [185.0, 515.0], [185.0, 535.0], [93.0, 535.0]], 'MELTONROSE', '0.8584220842881636']
[[[293.0, 516.0], [332.0, 516.0], [332.0, 535.0], [293.0, 535.0]], '0749', '0.7102309703826905']
[[[401.0, 516.0], [439.0, 516.0], [439.0, 535.0], [401.0, 535.0]], '0944', '0.7618329048156738']
[[[616.0, 516.0], [650.0, 516.0], [650.0, 535.0], [616.0, 535.0]], '13:09', '0.755750854810079']
[[[721.0, 516.0], [758.0, 516.0], [758.0, 535.0], [721.0, 535.0]], '1424', '0.6097260236740112']
[[[829.0, 516.0], [864.0, 516.0], [864.0, 535.0], [829.0, 535.0]], '1629', '0.6514856398105622']
[[[936.0, 516.0], [971.0, 516.0], [971.0, 535.0], [936.0, 535.0]], '13:64', '0.682664136091868']
[[[1000.0, 514.0], [1023.0, 514.0], [1023.0, 534.0], [1000.0, 534.0]], 'PA', '0.6049732367197672']
[[[293.0, 535.0], [331.0, 535.0], [331.0, 554.0], [293.0, 554.0]], '07:55', '0.7808612386385599']
[[[401.0, 535.0], [439.0, 535.0], [439.0, 554.0], [401.0, 554.0]], '05-60', '0.6948971052964529']
[[[510.0, 535.0], [543.0, 535.0], [543.0, 554.0], [510.0, 554.0]], '11:15', '0.6305705706278483']
[[[617.0, 535.0], [651.0, 535.0], [651.0, 554.0], [617.0, 554.0]], '13:15', '0.8031385044256846']
[[[720.0, 535.0], [758.0, 535.0], [758.0, 554.0], [720.0, 554.0]], '14-30', '0.6793266832828522']
[[[828.0, 535.0], [864.0, 535.0], [864.0, 554.0], [828.0, 554.0]], '3635', '0.6766331791877747']
[[[936.0, 535.0], [971.0, 535.0], [971.0, 554.0], [936.0, 554.0]], '17:50', '0.8162111242612203']
[[[94.0, 536.0], [187.0, 536.0], [187.0, 553.0], [94.0, 553.0]], 'EERSTERIER', '0.8250002535906705']
[[[1000.0, 532.0], [1023.0, 532.0], [1023.0, 553.0], [1000.0, 553.0]], 'EL', '0.6576512455940247']
[[[94.0, 554.0], [187.0, 554.0], [187.0, 571.0], [94.0, 571.0]], 'EERSTERNER', '0.8496450836008246']
[[[293.0, 554.0], [331.0, 554.0], [331.0, 573.0], [293.0, 573.0]], '07:55', '0.788724939028422']
[[[400.0, 554.0], [439.0, 554.0], [439.0, 573.0], [400.0, 573.0]], '09:50', '0.8009843130906423']
[[[510.0, 554.0], [543.0, 554.0], [543.0, 573.0], [510.0, 573.0]], '11:15', '0.6796760708093643']
[[[617.0, 554.0], [651.0, 554.0], [651.0, 573.0], [617.0, 573.0]], '13:15', '0.7319748799006144']
[[[720.0, 554.0], [758.0, 554.0], [758.0, 573.0], [720.0, 573.0]], '14:30', '0.8043807645638784']
[[[828.0, 554.0], [864.0, 554.0], [864.0, 573.0], [828.0, 573.0]], '15c35', '0.5087632288535436']
[[[937.0, 554.0], [971.0, 554.0], [971.0, 573.0], [937.0, 573.0]], '17:50', '0.7715389331181844']
[[[1000.0, 552.0], [1023.0, 552.0], [1023.0, 573.0], [1000.0, 573.0]], 'VA', '0.5790766477584839']
[[[90.0, 571.0], [139.0, 571.0], [139.0, 592.0], [90.0, 592.0]], 'FAURE', '0.823791891336441']
[[[293.0, 573.0], [332.0, 573.0], [332.0, 592.0], [293.0, 592.0]], '0758', '0.7701053977012634']
[[[400.0, 573.0], [438.0, 573.0], [438.0, 592.0], [400.0, 592.0]], '6560', '0.5438411235809326']
[[[510.0, 573.0], [543.0, 573.0], [543.0, 591.0], [510.0, 591.0]], '11:18', '0.7964053253332773']
[[[617.0, 573.0], [650.0, 573.0], [650.0, 592.0], [617.0, 592.0]], '13:18', '0.8179859817028046']
[[[720.0, 573.0], [758.0, 573.0], [758.0, 592.0], [720.0, 592.0]], '1433', '0.6725635409355164']
[[[828.0, 573.0], [864.0, 573.0], [864.0, 592.0], [828.0, 592.0]], '16:38', '0.5521249820788702']
[[[936.0, 573.0], [971.0, 573.0], [971.0, 592.0], [936.0, 592.0]], '17.53', '0.701400950551033']
[[[1001.0, 571.0], [1023.0, 571.0], [1023.0, 591.0], [1001.0, 591.0]], 'GO', '0.5258176724116007']
[[[91.0, 590.0], [159.0, 590.0], [159.0, 609.0], [91.0, 609.0]], 'FIRCROVE', '0.8613358272446526']
[[[292.0, 591.0], [334.0, 591.0], [334.0, 611.0], [292.0, 611.0]], '08:02', '0.7081373234589895']
[[[401.0, 592.0], [438.0, 592.0], [438.0, 609.0], [401.0, 609.0]], '2960', '0.7066925525665283']
[[[509.0, 592.0], [543.0, 592.0], [543.0, 610.0], [509.0, 610.0]], '1122', '0.7489909172058106']
[[[615.0, 592.0], [651.0, 592.0], [651.0, 610.0], [615.0, 610.0]], '13:22', '0.69284787774086']
[[[721.0, 592.0], [758.0, 592.0], [758.0, 610.0], [721.0, 610.0]], '1537', '0.5349373102188111']
[[[829.0, 592.0], [865.0, 592.0], [865.0, 610.0], [829.0, 610.0]], '36042', '0.6040937751531601']
[[[937.0, 592.0], [971.0, 592.0], [971.0, 610.0], [937.0, 610.0]], '1757', '0.767007052898407']
[[[1001.0, 589.0], [1023.0, 589.0], [1023.0, 609.0], [1001.0, 609.0]], 'TH', '0.5913877685864767']
[[[91.0, 609.0], [203.0, 609.0], [203.0, 629.0], [91.0, 629.0]], 'SOMERSETWEST', '0.890962527348445']
[[[401.0, 610.0], [437.0, 610.0], [437.0, 629.0], [401.0, 629.0]], '10.09', '0.7655948996543884']
[[[509.0, 610.0], [543.0, 610.0], [543.0, 629.0], [509.0, 629.0]], '1136', '0.6084119737148285']
[[[614.0, 610.0], [651.0, 610.0], [651.0, 628.0], [614.0, 628.0]], '13:34', '0.8159065345923106']
[[[721.0, 610.0], [758.0, 610.0], [758.0, 629.0], [721.0, 629.0]], '1449', '0.7051309227943421']
[[[829.0, 610.0], [865.0, 610.0], [865.0, 629.0], [829.0, 629.0]], '1554', '0.7462341547012329']
[[[935.0, 610.0], [972.0, 610.0], [972.0, 628.0], [935.0, 628.0]], '18.09', '0.7493738532066345']
[[[294.0, 611.0], [331.0, 611.0], [331.0, 629.0], [294.0, 629.0]], '0854', '0.5950345158576965']
[[[1000.0, 607.0], [1023.0, 607.0], [1023.0, 628.0], [1000.0, 628.0]], 'MU', '0.6501574913660685']
[[[402.0, 628.0], [438.0, 628.0], [438.0, 650.0], [402.0, 650.0]], '#12', '0.5003870017826557']
[[[91.0, 629.0], [185.0, 629.0], [185.0, 649.0], [91.0, 649.0]], 'VANDERSTEL', '0.8520692586898804']
[[[294.0, 629.0], [331.0, 629.0], [331.0, 648.0], [294.0, 648.0]], '08-17', '0.724425474802653']
[[[509.0, 629.0], [543.0, 629.0], [543.0, 648.0], [509.0, 648.0]], '1197', '0.6832406401634217']
[[[614.0, 629.0], [651.0, 629.0], [651.0, 648.0], [614.0, 648.0]], '13-37', '0.7229493111371994']
[[[721.0, 629.0], [758.0, 629.0], [758.0, 648.0], [721.0, 648.0]], '1452', '0.7716142654418945']
[[[829.0, 629.0], [864.0, 629.0], [864.0, 648.0], [829.0, 648.0]], '16:57', '0.703475703795751']
[[[936.0, 629.0], [970.0, 629.0], [970.0, 648.0], [936.0, 648.0]], '38:12', '0.6694569289684296']
[[[1000.0, 627.0], [1023.0, 627.0], [1023.0, 647.0], [1000.0, 647.0]], 'MA', '0.6638774077097574']
[[[721.0, 648.0], [758.0, 648.0], [758.0, 667.0], [721.0, 667.0]], '14:55', '0.6617007255554199']
[[[91.0, 649.0], [147.0, 649.0], [147.0, 666.0], [91.0, 666.0]], 'STRAND', '0.7838624034609113']
[[[293.0, 649.0], [332.0, 649.0], [332.0, 667.0], [293.0, 667.0]], '08:20', '0.7457239031791687']
[[[613.0, 649.0], [650.0, 649.0], [650.0, 667.0], [613.0, 667.0]], '13:40', '0.7827430963516235']
[[[829.0, 649.0], [864.0, 649.0], [864.0, 667.0], [829.0, 667.0]], '17:00', '0.8107928136984507']
[[[936.0, 649.0], [971.0, 649.0], [971.0, 667.0], [936.0, 667.0]], '18:15', '0.8042433659235636']
[[[1000.0, 647.0], [1023.0, 647.0], [1023.0, 667.0], [1000.0, 667.0]], 'KO', '0.5597490668296814']
[[[346.0, 663.0], [385.0, 666.0], [384.0, 688.0], [345.0, 685.0]], 'CO.60', '0.5965981185436249']
[[[242.0, 667.0], [276.0, 667.0], [276.0, 686.0], [242.0, 686.0]], '07:15', '0.6245259443918864']
[[[562.0, 667.0], [597.0, 667.0], [597.0, 686.0], [562.0, 686.0]], '12-30', '0.7413643896579742']
[[[884.0, 667.0], [916.0, 667.0], [916.0, 686.0], [884.0, 686.0]], ':10', '0.6623093485832214']
[[[93.0, 668.0], [161.0, 668.0], [161.0, 685.0], [93.0, 685.0]], 'STIKLAND', '0.8766270346111722']
[[[455.0, 668.0], [491.0, 668.0], [491.0, 687.0], [455.0, 687.0]], '15:40', '0.6276065682371458']
[[[669.0, 668.0], [704.0, 668.0], [704.0, 687.0], [669.0, 687.0]], '13:55', '0.588411678870519']
[[[776.0, 668.0], [812.0, 668.0], [812.0, 687.0], [776.0, 687.0]], '15:30', '0.7328977485497793']
[[[1001.0, 665.0], [1023.0, 665.0], [1023.0, 686.0], [1001.0, 686.0]], 'SA', '0.6630669037501017']
[[[667.0, 682.0], [706.0, 685.0], [704.0, 707.0], [666.0, 704.0]], '14:03', '0.6225051730871201']
[[[773.0, 685.0], [812.0, 685.0], [812.0, 706.0], [773.0, 706.0]], '15:38', '0.7094209988911947']
[[[93.0, 686.0], [191.0, 686.0], [191.0, 705.0], [93.0, 705.0]], 'BRACKENFELL', '0.893953541914622']
[[[346.0, 686.0], [385.0, 686.0], [385.0, 704.0], [346.0, 704.0]], '80.60', '0.5611737221479416']
[[[561.0, 686.0], [598.0, 686.0], [598.0, 704.0], [561.0, 704.0]], '1238', '0.6990585684776306']
[[[883.0, 686.0], [917.0, 686.0], [917.0, 704.0], [883.0, 704.0]], '17:18', '0.7194915215174357']
[[[241.0, 687.0], [278.0, 687.0], [278.0, 704.0], [241.0, 704.0]], '0723', '0.7842776298522949']
[[[454.0, 687.0], [492.0, 687.0], [492.0, 704.0], [454.0, 704.0]], '10:48', '0.5308914035558701']
[[[1000.0, 684.0], [1023.0, 684.0], [1023.0, 703.0], [1000.0, 703.0]], 'wo', '0.5944273869196574']
[[[241.0, 704.0], [278.0, 704.0], [278.0, 723.0], [241.0, 723.0]], '0728', '0.7151672840118408']
[[[454.0, 704.0], [491.0, 704.0], [491.0, 723.0], [454.0, 723.0]], '1:53', '0.7333271026611328']
[[[668.0, 704.0], [705.0, 704.0], [705.0, 723.0], [668.0, 723.0]], '14:18', '0.6466370473305384']
[[[775.0, 704.0], [812.0, 704.0], [812.0, 723.0], [775.0, 723.0]], '1543', '0.7254316568374634']
[[[882.0, 704.0], [917.0, 704.0], [917.0, 723.0], [882.0, 723.0]], '17.23', '0.677223672469457']
[[[94.0, 705.0], [191.0, 705.0], [191.0, 722.0], [94.0, 722.0]], 'EIKENFONTEIN', '0.8988032249303964']
[[[561.0, 705.0], [598.0, 705.0], [598.0, 723.0], [561.0, 723.0]], '1243', '0.7650458574295044']
[[[997.0, 702.0], [1023.0, 702.0], [1023.0, 722.0], [997.0, 722.0]], 'CA', '0.6304536461830139']
[[[240.0, 723.0], [279.0, 723.0], [279.0, 741.0], [240.0, 741.0]], '07:31', '0.755992998679479']
[[[346.0, 723.0], [385.0, 723.0], [385.0, 741.0], [346.0, 741.0]], '09:16', '0.7345434526602427']
[[[452.0, 723.0], [494.0, 723.0], [494.0, 741.0], [452.0, 741.0]], '0Q:56', '0.6916098992029825']
[[[558.0, 723.0], [599.0, 723.0], [599.0, 741.0], [558.0, 741.0]], '12-56', '0.6847147842248281']
[[[669.0, 723.0], [704.0, 723.0], [704.0, 741.0], [669.0, 741.0]], '16:11', '0.7153795758883158']
[[[772.0, 723.0], [814.0, 723.0], [814.0, 741.0], [772.0, 741.0]], '15:46', '0.6832431703805923']
[[[91.0, 724.0], [192.0, 724.0], [192.0, 741.0], [91.0, 741.0]], 'KRAAIFONTEIN', '0.8553604621153611']
[[[878.0, 723.0], [918.0, 723.0], [918.0, 741.0], [878.0, 741.0]], '1726', '0.7339631915092468']
[[[71.0, 814.0], [176.0, 812.0], [176.0, 836.0], [71.0, 838.0]], "me'roral!", '0.6392602771520615']
[[[187.0, 816.0], [314.0, 816.0], [314.0, 836.0], [187.0, 836.0]], 'ISADIVISIONOF', '0.899992551122393']
[[[383.0, 814.0], [446.0, 814.0], [446.0, 835.0], [383.0, 835.0]], 'prasa', '0.7319271266460419']
